3	1	1	1	1	1	1	1	1	4	0	0	3	1	1	1	1	21	1	1	1	1	1	1	1	1	1	1	1	1	1	21	1	1	1	1	4	0	0	0	0	0	0	0	0	0	0	0	0	0	0	0	0	0	0	0	0	0	0	0	0	0	0	0	0	0	0	0	0	0
9	2	2	2	2	2	2	2	2	9	0	0	9	2	2	2	2	22	2	2	2	2	2	2	2	2	2	2	2	2	2	22	2	2	2	2	9	0	0	0	0	0	0	0	0	0	0	0	0	0	0	0	0	0	0	0	0	0	0	0	0	0	0	0	0	0	0	0	0	0
9	2	2	2	2	2	28	2	2	5	23	23	6	2	28	2	2	2	2	2	2	2	2	2	2	2	2	2	2	2	2	2	2	2	2	2	9	0	3	1	1	1	1	1	1	1	1	1	1	1	1	1	1	1	1	1	1	1	1	1	1	1	1	1	1	1	4	0	0	0
9	2	2	2	2	2	2	2	2	2	24	24	2	2	2	2	2	2	2	2	2	2	25	2	2	2	2	2	2	2	2	2	2	2	2	2	9	0	9	2	2	2	2	2	2	2	2	2	2	2	2	2	2	2	2	2	2	2	2	2	2	2	2	2	2	2	9	0	0	0
9	2	2	2	2	2	2	2	2	2	2	2	2	2	2	2	2	2	2	2	2	2	26	2	2	2	2	2	2	2	2	2	2	2	2	2	9	0	9	2	2	2	2	2	2	2	2	2	2	2	2	2	2	2	2	2	2	2	2	2	2	2	2	2	2	2	9	0	0	0
9	2	25	2	2	2	2	2	2	2	2	2	2	2	2	2	2	2	2	2	2	2	2	2	2	2	2	2	2	2	2	2	2	2	2	2	9	0	9	2	2	2	2	2	2	2	2	2	2	2	2	2	2	2	2	2	2	2	2	2	2	2	2	2	2	2	9	0	0	0
9	2	26	2	2	2	2	2	2	3	1	1	4	2	2	2	2	2	2	2	2	2	2	2	2	2	2	2	27	2	2	2	2	2	2	2	9	0	9	2	2	2	2	2	2	3	1	1	1	1	1	1	1	1	1	1	1	1	1	1	1	1	4	2	2	2	9	0	0	0
9	2	2	2	2	2	2	28	2	9	0	0	9	2	2	2	2	2	2	2	2	2	2	2	2	2	2	2	2	2	2	27	2	2	2	2	9	0	9	2	2	2	2	2	2	5	1	1	1	1	1	1	1	1	1	1	1	1	1	1	1	1	6	2	2	2	9	0	0	0
5	1	1	1	1	1	1	1	1	6	0	0	9	2	2	2	2	2	2	2	2	2	27	2	2	2	2	2	2	2	2	2	2	2	2	2	9	0	9	2	2	2	2	2	2	2	2	2	2	2	2	2	2	2	2	2	2	2	2	2	2	2	2	2	2	2	9	0	0	0
0	0	0	0	0	0	0	0	0	0	0	0	9	2	2	2	2	2	2	2	2	2	2	2	27	2	2	2	2	2	2	2	2	2	2	2	9	0	9	2	2	2	2	2	2	2	2	2	2	2	2	2	2	2	2	2	2	2	2	2	2	2	2	2	2	2	9	0	0	0
0	0	0	0	0	0	0	0	0	0	0	0	9	1	1	2	2	2	1	1	21	1	1	1	7	1	1	21	1	1	2	2	2	1	1	1	9	0	9	2	2	2	2	2	2	2	2	2	2	2	2	2	2	2	2	2	2	2	2	2	2	2	2	2	2	2	9	0	0	0
0	0	0	0	0	0	0	0	0	0	0	0	9	2	2	2	2	2	2	2	22	2	2	2	9	2	2	22	2	2	2	2	2	2	2	2	9	0	9	2	2	2	2	2	3	1	1	1	1	1	1	1	1	1	1	1	1	1	1	1	1	1	4	2	2	2	9	0	0	0
0	0	0	0	0	0	0	0	0	0	0	0	9	2	2	2	2	2	2	2	2	2	2	2	9	2	2	2	2	2	2	2	2	27	2	2	5	1	6	2	2	2	2	2	9	0	0	0	0	0	0	0	0	0	0	0	0	0	0	0	0	0	9	2	2	2	9	0	0	0
0	0	0	0	0	0	0	0	0	0	0	0	9	2	2	2	2	2	2	2	2	2	2	2	9	2	2	2	2	2	2	2	2	2	2	2	2	2	2	2	2	2	2	2	9	0	0	0	0	0	0	0	0	0	0	0	0	0	0	0	0	0	9	2	2	2	9	0	0	0
0	0	0	0	0	0	0	0	0	0	0	0	9	2	2	2	2	2	2	2	2	2	2	2	9	2	2	2	2	2	2	2	2	2	2	2	2	2	2	2	2	2	2	2	9	0	0	0	0	0	0	0	0	0	0	0	0	0	0	0	0	0	9	2	2	2	9	0	0	0
0	0	0	0	0	0	0	0	0	0	0	0	9	2	2	2	2	2	2	2	28	2	2	2	9	2	2	2	2	25	2	2	2	2	2	2	2	2	2	2	2	2	2	2	9	0	0	0	0	0	0	0	0	0	0	0	0	0	0	0	0	0	9	2	2	2	9	0	0	0
0	0	0	0	0	0	0	0	0	0	0	0	9	2	27	2	2	2	2	2	2	2	2	2	9	2	2	2	2	26	2	2	2	2	2	2	3	1	1	1	4	2	2	2	9	0	0	0	0	0	0	0	0	0	0	0	0	0	0	0	0	0	9	2	2	2	9	0	0	0
0	0	0	0	0	0	0	0	0	0	0	0	9	2	2	2	2	2	2	2	2	2	2	2	9	2	2	2	2	2	2	2	2	2	2	2	9	0	0	0	9	2	2	2	9	0	0	0	0	0	0	0	0	0	0	0	0	0	0	0	0	0	9	2	2	2	9	0	0	0
0	0	0	0	0	0	0	0	0	0	0	0	5	1	1	1	4	2	2	2	3	1	1	1	1	1	1	1	1	1	1	1	1	1	1	1	6	0	0	0	9	2	2	2	9	0	0	0	0	0	0	0	0	0	0	0	0	0	0	0	0	0	9	2	2	2	9	0	0	0
0	0	0	0	0	0	0	0	0	0	0	0	0	0	0	0	9	2	2	2	9	0	0	0	0	0	0	0	0	0	0	0	0	0	0	0	0	0	0	0	9	2	2	2	9	0	0	0	3	1	1	1	1	1	1	1	1	1	1	1	1	1	6	2	2	2	9	0	0	0
0	0	0	0	0	0	0	0	0	0	0	0	0	3	1	23	6	2	2	2	5	23	1	4	0	0	0	0	0	0	0	0	0	0	0	0	0	0	0	0	9	2	2	2	9	0	0	0	9	2	2	2	2	2	2	2	2	29	2	2	2	2	2	2	2	2	9	0	0	0
0	0	0	0	0	0	0	0	0	0	0	0	0	9	2	24	2	2	2	2	2	24	2	9	0	0	0	0	0	0	0	0	0	0	0	0	0	0	0	0	9	2	2	2	9	0	0	0	9	2	2	2	29	2	2	2	2	30	2	2	2	2	2	2	2	2	9	0	0	0
0	0	0	0	0	0	0	0	0	0	0	0	0	9	2	2	2	2	2	2	2	2	2	9	0	0	0	0	0	3	1	1	1	1	1	1	1	1	1	1	6	2	2	2	9	0	0	0	9	2	2	2	30	2	2	29	2	31	2	2	2	2	2	2	2	2	9	0	0	0
0	0	0	0	0	0	0	0	0	0	0	0	0	9	2	2	2	2	2	2	2	2	2	9	0	0	0	0	0	9	2	2	2	2	2	2	2	2	2	2	2	2	2	2	9	0	0	0	9	2	2	2	31	2	2	30	2	2	2	29	2	2	2	2	2	2	9	0	0	0
0	0	0	0	0	0	0	0	0	0	0	0	0	9	2	2	2	27	2	2	2	2	2	9	0	0	0	0	0	9	2	2	2	2	2	2	2	2	2	2	2	2	2	2	9	0	0	0	9	2	2	2	2	2	2	31	2	2	2	30	2	2	2	2	2	2	9	0	0	0
0	0	0	0	0	0	0	0	0	0	0	0	0	6	1	1	1	1	1	1	1	1	1	6	0	0	0	0	0	9	2	2	2	2	2	2	2	2	2	2	2	2	2	2	9	0	0	0	9	2	2	2	2	2	2	2	2	2	2	31	2	2	2	2	2	2	9	0	0	0
0	0	0	0	0	0	0	0	0	0	0	0	0	0	0	0	0	0	0	0	0	0	0	0	0	0	0	0	0	9	2	2	2	2	2	2	2	2	2	2	2	2	2	2	9	0	0	0	9	2	2	2	2	2	2	2	2	2	2	2	2	2	2	2	2	2	9	0	0	0
0	0	0	0	0	0	0	0	0	0	0	0	0	0	0	0	0	0	0	0	0	0	0	0	0	0	0	0	0	9	2	2	2	2	2	2	2	2	2	2	2	2	2	2	9	0	0	0	9	2	2	2	2	2	2	2	2	2	2	2	2	2	2	2	2	2	9	0	0	0
0	0	0	0	0	0	0	0	0	0	0	0	0	0	0	0	0	0	0	0	0	0	0	0	0	0	0	0	0	5	4	2	2	2	3	1	1	1	1	1	1	1	1	1	6	0	0	0	9	2	2	2	2	2	2	2	2	2	2	2	2	2	2	2	2	2	9	0	0	0
0	0	0	0	0	0	0	0	0	0	0	0	0	0	0	0	0	0	0	0	0	3	1	1	1	1	4	0	0	0	9	2	2	2	9	0	0	0	0	0	0	0	0	0	0	0	0	0	9	2	2	2	2	2	2	2	2	2	2	2	2	2	2	2	2	2	9	0	0	0
0	0	0	0	0	0	0	0	0	0	0	0	0	0	0	0	0	0	0	0	0	9	2	2	2	2	9	0	0	3	6	2	2	2	5	4	0	0	0	0	0	0	0	0	0	0	0	0	9	2	2	2	3	1	1	4	2	2	2	3	1	1	1	1	1	1	6	0	0	0
0	0	0	0	0	0	0	0	0	0	0	0	0	0	0	0	0	0	0	0	0	9	2	2	2	2	5	1	1	6	2	2	2	2	2	5	1	1	1	1	1	1	1	1	1	1	1	1	6	2	2	2	9	0	0	9	2	2	2	9	0	0	0	0	0	0	0	0	0	0
0	0	0	0	0	0	0	0	0	0	0	0	0	0	0	0	0	0	0	0	0	9	2	2	2	2	2	2	2	2	2	2	2	2	2	2	2	2	2	2	2	2	2	2	2	2	2	2	35	2	2	2	9	0	0	9	2	2	2	9	0	3	1	1	1	1	1	1	1	4
0	0	0	0	0	0	0	0	0	0	0	0	0	0	0	0	0	0	0	0	0	9	2	28	2	28	2	2	2	2	2	2	2	2	2	2	2	2	2	2	2	2	2	2	2	2	2	2	36	2	2	2	9	0	0	9	2	2	2	9	0	9	32	35	8	8	8	8	32	9
0	0	0	0	0	0	0	0	0	0	0	0	0	0	0	0	0	0	0	0	0	9	2	28	2	2	2	2	2	2	2	2	2	2	2	2	2	2	2	2	2	2	2	2	2	2	2	2	2	2	2	2	9	0	0	9	2	2	2	9	0	9	33	36	8	8	8	8	33	9
0	0	0	0	0	0	0	0	0	0	0	0	0	0	0	0	0	0	0	0	0	9	2	2	2	2	3	1	1	1	1	1	1	1	1	1	1	1	1	1	1	1	1	1	1	1	1	1	1	1	1	1	6	0	0	9	2	2	2	9	0	9	8	8	8	8	8	8	8	9
0	0	0	0	0	0	0	0	0	0	0	0	0	0	0	0	0	0	0	0	0	5	1	1	1	1	6	0	0	0	0	0	0	0	0	0	0	0	0	0	0	0	0	0	0	0	0	0	0	0	0	0	0	0	0	9	2	2	2	9	0	5	4	8	8	8	8	8	3	6
0	0	0	0	0	0	0	0	0	0	0	0	0	0	0	0	0	0	0	0	0	0	0	0	0	0	0	0	0	0	0	0	0	0	0	0	0	0	0	0	0	0	0	0	0	0	0	0	0	0	0	0	0	0	0	9	2	2	2	9	0	0	9	2	2	2	2	2	9	0
0	0	0	0	0	0	0	0	0	0	0	0	0	0	0	0	0	0	0	0	0	0	0	0	0	0	0	0	0	0	0	0	0	0	0	0	0	0	0	0	0	0	0	0	0	0	0	0	0	0	0	0	0	0	0	9	2	2	2	5	1	1	6	2	2	2	2	2	9	0
0	0	0	0	0	0	0	0	0	0	0	0	0	0	0	0	0	0	0	0	0	0	3	1	1	4	0	0	0	0	0	0	0	0	0	0	0	0	0	0	0	0	0	0	0	0	0	0	0	0	0	0	0	0	0	9	2	2	2	2	2	2	2	2	2	2	2	2	9	0
0	0	0	0	0	0	0	0	0	0	0	0	0	0	0	0	0	0	0	0	0	3	6	34	34	5	4	0	0	0	0	0	0	0	0	0	0	0	0	0	0	0	0	0	0	0	0	0	0	0	0	0	0	0	0	9	2	2	2	2	2	2	2	2	2	2	2	2	9	0
0	0	0	0	0	0	0	0	0	0	0	0	0	0	0	0	0	0	0	0	0	9	34	34	34	34	9	0	0	0	0	0	0	0	0	0	0	0	0	0	0	0	0	0	0	0	0	0	0	0	0	0	0	0	0	9	2	2	2	3	1	1	1	1	1	1	1	1	6	0
0	0	0	0	0	0	0	0	0	0	0	0	0	0	0	0	3	1	1	1	1	6	34	34	34	34	5	1	1	1	1	4	0	0	0	0	0	3	1	1	1	1	1	1	1	1	1	1	1	1	1	1	1	1	1	6	2	2	2	9	0	0	0	0	0	0	0	0	0	0
0	0	0	0	0	0	0	0	0	0	0	0	0	0	0	0	9	11	11	11	11	11	11	11	11	11	11	11	11	11	11	9	0	0	0	0	0	9	2	2	2	2	2	2	2	2	2	2	2	2	2	2	2	2	2	2	2	2	2	9	0	0	0	0	0	0	0	0	0	0
0	0	0	0	0	0	0	0	0	0	0	0	0	0	0	0	9	11	11	11	11	11	11	11	11	11	11	11	11	11	11	9	0	0	0	0	0	9	2	2	2	2	2	2	2	2	2	2	2	2	2	2	2	2	2	2	2	2	2	9	0	0	0	0	0	0	0	0	0	0
0	0	0	0	0	0	0	0	0	0	0	0	0	0	0	0	9	11	11	11	11	11	11	11	11	11	11	11	11	11	11	5	1	1	37	1	1	6	2	2	2	2	2	2	2	2	2	2	2	2	2	2	2	2	2	2	2	2	2	9	0	0	0	0	0	0	0	0	0	0
0	0	0	0	0	0	0	0	0	0	0	0	0	0	0	0	9	11	11	11	11	11	11	11	11	11	11	11	11	11	11	2	2	2	38	2	2	2	35	2	2	3	1	1	1	1	1	1	1	1	1	1	1	1	1	4	2	2	2	9	0	0	0	0	0	0	0	0	0	0
0	0	0	0	0	0	0	0	0	0	0	0	0	0	0	0	9	11	11	11	11	11	11	11	11	11	11	11	11	11	11	2	2	2	37	2	2	2	36	2	2	9	0	0	0	0	0	0	0	0	0	0	0	0	0	9	2	2	2	9	0	0	0	0	0	0	0	0	0	0
0	0	0	0	0	0	0	0	0	0	0	0	0	0	0	0	9	11	11	11	11	11	11	11	11	11	11	11	11	11	11	2	2	2	38	2	2	2	2	2	2	5	1	1	1	1	1	1	1	1	1	1	1	1	1	6	2	2	2	9	0	0	0	0	0	0	0	0	0	0
0	0	0	0	0	0	0	0	0	0	0	0	0	0	0	0	9	11	11	11	11	11	11	11	11	11	11	11	11	11	11	3	1	1	1	1	1	4	2	2	2	2	2	2	2	2	2	2	2	2	2	2	2	2	2	2	2	2	2	9	0	0	0	0	0	0	0	0	0	0
0	0	0	0	0	0	0	0	0	0	0	0	0	0	0	0	9	11	11	11	11	11	11	11	11	11	11	11	11	11	11	9	0	0	0	0	0	9	2	2	28	2	2	2	2	2	2	2	2	2	2	2	2	2	2	2	2	2	2	9	0	0	0	0	0	0	0	0	0	0
0	0	0	0	0	0	0	0	0	0	0	0	0	0	0	0	9	11	11	11	11	11	11	11	11	11	11	11	11	11	11	9	0	0	0	0	0	9	2	2	2	2	2	2	2	2	2	2	2	2	2	2	2	2	2	2	2	2	2	9	0	0	0	0	0	0	0	0	0	0
0	0	0	0	0	0	0	0	0	0	0	0	0	0	0	0	9	11	11	11	11	11	11	11	11	11	11	11	11	11	11	9	0	0	0	0	0	5	1	1	1	1	1	1	1	1	1	1	1	1	1	1	1	1	1	1	1	1	1	6	0	0	0	0	0	0	0	0	0	0
0	0	0	0	0	0	0	0	0	0	0	0	0	0	0	0	9	11	11	11	11	11	11	11	11	11	11	11	11	11	11	9	0	0	0	0	0	0	0	0	0	0	0	0	0	0	0	0	0	0	0	0	0	0	0	0	0	0	0	0	0	0	0	0	0	0	0	0	0	0
0	0	0	0	0	0	0	0	0	0	0	0	0	0	0	0	9	11	11	11	11	11	11	11	11	11	11	11	11	11	11	9	0	0	0	0	0	0	0	0	0	0	0	0	0	0	0	0	0	0	0	0	0	0	0	0	0	0	0	0	0	0	0	0	0	0	0	0	0	0
0	0	0	0	0	0	0	0	0	0	0	0	0	0	0	0	9	11	11	11	11	11	11	11	11	11	11	11	11	11	11	9	0	0	0	0	0	0	0	0	0	0	0	0	0	0	0	0	0	0	0	0	0	0	0	0	0	0	0	0	0	0	0	0	0	0	0	0	0	0
0	0	0	0	0	0	0	0	0	0	0	0	0	0	0	0	9	11	11	11	11	11	11	11	11	11	11	11	11	11	11	9	0	0	0	0	0	0	0	0	0	0	0	0	0	0	0	0	0	0	0	0	0	0	0	0	0	0	0	0	0	0	0	0	0	0	0	0	0	0
0	0	0	0	0	0	0	0	0	0	0	0	0	0	0	0	9	11	11	11	11	11	11	11	11	11	11	11	11	11	11	9	0	0	0	0	0	0	0	0	0	0	0	0	0	0	0	0	0	0	0	0	0	0	0	0	0	0	0	0	0	0	0	0	0	0	0	0	0	0
0	0	0	0	0	0	0	0	0	0	0	0	0	0	0	0	9	11	11	11	11	11	11	11	11	11	11	11	11	11	11	9	0	0	0	0	0	0	0	0	0	0	0	0	0	0	0	0	0	0	0	0	0	0	0	0	0	0	0	0	0	0	0	0	0	0	0	0	0	0
0	0	0	0	0	0	0	0	0	0	0	0	0	0	0	0	9	11	11	11	11	11	11	11	11	11	11	11	11	11	11	9	0	0	0	0	0	0	0	0	0	0	0	0	0	0	0	0	0	0	0	0	0	0	0	0	0	0	0	0	0	0	0	0	0	0	0	0	0	0
0	0	0	0	0	0	0	0	0	0	0	0	0	0	0	0	9	11	11	11	11	11	11	11	11	11	11	11	11	11	11	9	0	0	0	0	0	0	0	0	0	0	0	0	0	0	0	0	0	0	0	0	0	0	0	0	0	0	0	0	0	0	0	0	0	0	0	0	0	0
0	0	0	0	0	0	0	0	0	0	0	0	0	0	0	0	5	1	1	1	1	1	1	1	1	1	1	1	1	1	1	6	0	0	0	0	0	0	0	0	0	0	0	0	0	0	0	0	0	0	0	0	0	0	0	0	0	0	0	0	0	0	0	0	0	0	0	0	0	0
0	0	0	0	0	0	0	0	0	0	0	0	0	0	0	0	0	0	0	0	0	0	0	0	0	0	0	0	0	0	0	0	0	0	0	0	0	0	0	0	0	0	0	0	0	0	0	0	0	0	0	0	0	0	0	0	0	0	0	0	0	0	0	0	0	0	0	0	0	0
0	0	0	0	0	0	0	0	0	0	0	0	0	0	0	0	0	0	0	0	0	0	0	0	0	0	0	0	0	0	0	0	0	0	0	0	0	0	0	0	0	0	0	0	0	0	0	0	0	0	0	0	0	0	0	0	0	0	0	0	0	0	0	0	0	0	0	0	0	0
0	0	0	0	0	0	0	0	0	0	0	0	0	0	0	0	0	0	0	0	0	0	0	0	0	0	0	0	0	0	0	0	0	0	0	0	0	0	0	0	0	0	0	0	0	0	0	0	0	0	0	0	0	0	0	0	0	0	0	0	0	0	0	0	0	0	0	0	0	0
0	0	0	0	0	0	0	0	0	0	0	0	0	0	0	0	0	0	0	0	0	0	0	0	0	0	0	0	0	0	0	0	0	0	0	0	0	0	0	0	0	0	0	0	0	0	0	0	0	0	0	0	0	0	0	0	0	0	0	0	0	0	0	0	0	0	0	0	0	0
0	0	0	0	0	0	0	0	0	0	0	0	0	0	0	0	0	0	0	0	0	0	0	0	0	0	0	0	0	0	0	0	0	0	0	0	0	0	0	0	0	0	0	0	0	0	0	0	0	0	0	0	0	0	0	0	0	0	0	0	0	0	0	0	0	0	0	0	0	0
0	0	0	0	0	0	0	0	0	0	0	0	0	0	0	0	0	0	0	0	0	0	0	0	0	0	0	0	0	0	0	0	0	0	0	0	0	0	0	0	0	0	0	0	0	0	0	0	0	0	0	0	0	0	0	0	0	0	0	0	0	0	0	0	0	0	0	0	0	0
0	0	0	0	0	0	0	0	0	0	0	0	0	0	0	0	0	0	0	0	0	0	0	0	0	0	0	0	0	0	0	0	0	0	0	0	0	0	0	0	0	0	0	0	0	0	0	0	0	0	0	0	0	0	0	0	0	0	0	0	0	0	0	0	0	0	0	0	0	0
0	0	0	0	0	0	0	0	0	0	0	0	0	0	0	0	0	0	0	0	0	0	0	0	0	0	0	0	0	0	0	0	0	0	0	0	0	0	0	0	0	0	0	0	0	0	0	0	0	0	0	0	0	0	0	0	0	0	0	0	0	0	0	0	0	0	0	0	0	0
